icao24,callsign,est_departure,est_arrival,time,lat,lon,baro_alt_m,true_track,on_ground,velocity_ms,vertical_rate_ms,cas_ms,mach,fuel_flow_kg_s,cum_fuel_kg,cum_dist_nm
4cad88,SAS864,,,1781596468,59.751908,16.270323,5530.0,110.7,False,253.95,-30.319,202.18,0.7222,0.1032,0.103,0.137
4cad88,SAS864,,,1781596469,59.751098,16.274542,5500.0,110.9,False,252.89,-30.063,201.66,0.7192,0.10351,0.207,0.274
4cad88,SAS864,,,1781596470,59.750289,16.278741,5470.1,110.9,False,251.82,-29.809,201.15,0.7163,0.10381,0.311,0.41
4cad88,SAS864,,,1781596471,59.749473,16.282914,5440.6,111.2,False,250.77,-29.558,200.63,0.7133,0.10411,0.415,0.545
4cad88,SAS864,,,1781596472,59.748693,16.287094,5411.3,110.3,False,249.72,-29.31,200.12,0.7104,0.10441,0.519,0.68
4cad88,SAS864,,,1781596473,59.747905,16.291248,5382.2,110.6,False,248.68,-29.064,199.6,0.7075,0.1047,0.624,0.814
4cad88,SAS864,,,1781596474,59.747107,16.295375,5353.4,111.0,False,247.64,-28.82,199.09,0.7045,0.10498,0.729,0.948
4cad88,SAS864,,,1781596475,59.746311,16.299484,5324.8,111.0,False,246.61,-28.579,198.58,0.7017,0.10527,0.834,1.081
4cad88,SAS864,,,1781596476,59.745543,16.303593,5296.5,110.4,False,245.58,-28.339,198.06,0.6988,0.10554,0.94,1.214
4cad88,SAS864,,,1781596477,59.744748,16.307663,5268.4,111.2,False,244.56,-28.102,197.55,0.6959,0.10582,1.045,1.346
4cad88,SAS864,,,1781596478,59.743954,16.311714,5240.5,111.3,False,243.54,-27.867,197.03,0.6931,0.10608,1.151,1.477
4cad88,SAS864,,,1781596479,59.743177,16.315817,5212.8,110.6,False,245.56,-27.71,196.52,0.6938,0.10503,1.256,1.61
4cad88,SAS864,,,1781596480,59.742406,16.319905,5185.3,110.5,False,244.55,-27.478,196.0,0.6909,0.10529,1.362,1.742
4cad88,SAS864,,,1781596481,59.741628,16.323967,5158.1,110.8,False,243.54,-27.247,195.49,0.6881,0.10554,1.467,1.873
4cad88,SAS864,,,1781596482,59.740839,16.328003,5131.0,111.2,False,242.53,-27.018,194.97,0.6853,0.1058,1.573,2.004
4cad88,SAS864,,,1781596483,59.740088,16.332047,5104.3,110.2,False,241.53,-26.791,194.46,0.6825,0.10605,1.679,2.135
4cad88,SAS864,,,1781596484,59.739305,16.336049,5077.7,111.2,False,240.54,-26.566,193.95,0.6798,0.10629,1.785,2.265
4cad88,SAS864,,,1781596485,59.738575,16.34007,5051.3,109.8,False,239.55,-26.342,193.43,0.677,0.10653,1.892,2.394
4cad88,SAS864,,,1781596486,59.737799,16.34404,5025.2,111.2,False,238.56,-26.12,192.92,0.6743,0.10677,1.999,2.523
4cad88,SAS864,,,1781596487,59.737038,16.348,4999.3,110.9,False,237.58,-25.899,192.4,0.6715,0.107,2.106,2.651
4cad88,SAS864,,,1781596488,59.73631,16.351968,4973.6,110.0,False,236.61,-25.68,191.89,0.6688,0.10723,2.213,2.779
4cad88,SAS864,,,1781596489,59.735567,16.355905,4948.2,110.5,False,235.64,-25.463,191.37,0.6661,0.10745,2.32,2.906
4cad88,SAS864,,,1781596490,59.734816,16.359819,4922.9,110.8,False,234.67,-25.247,190.86,0.6634,0.10767,2.428,3.033
4cad88,SAS864,,,1781596491,59.734055,16.363706,4897.9,111.2,False,233.71,-25.033,190.34,0.6608,0.10789,2.536,3.159
4cad88,SAS864,,,1781596492,59.733326,16.367599,4873.1,110.4,False,232.76,-24.82,189.83,0.6581,0.1081,2.644,3.285
4cad88,SAS864,,,1781596493,59.732598,16.371474,4848.5,110.4,False,231.81,-24.608,189.32,0.6555,0.10831,2.752,3.41
4cad88,SAS864,,,1781596494,59.731848,16.375315,4824.1,111.2,False,230.86,-24.399,188.8,0.6528,0.10852,2.861,3.534
4cad88,SAS864,,,1781596495,59.73114,16.379169,4799.9,110.0,False,229.92,-24.19,188.29,0.6502,0.10872,2.97,3.659
4cad88,SAS864,,,1781596496,59.730396,16.382978,4775.9,111.2,False,228.98,-23.983,187.77,0.6476,0.10891,3.079,3.782
4cad88,SAS864,,,1781596497,59.729664,16.386779,4752.1,110.9,False,228.05,-23.777,187.26,0.645,0.10911,3.188,3.905
4cad88,SAS864,,,1781596498,59.728946,16.390572,4728.6,110.6,False,227.12,-23.573,186.74,0.6424,0.1093,3.297,4.028
4cad88,SAS864,,,1781596499,59.728248,16.394362,4705.2,110.1,False,226.2,-23.371,186.23,0.6398,0.10948,3.406,4.15
4cad88,SAS864,,,1781596500,59.727506,16.398102,4682.0,111.5,False,225.28,-23.169,185.71,0.6373,0.10966,3.516,4.272
4cad88,SAS864,,,1781596501,59.726784,16.40184,4659.0,110.9,False,224.36,-22.969,185.2,0.6347,0.10984,3.626,4.393
4cad88,SAS864,,,1781596502,59.726086,16.405578,4636.3,110.3,False,223.45,-22.771,184.69,0.6322,0.11002,3.736,4.514
4cad88,SAS864,,,1781596503,59.725375,16.409288,4613.7,110.8,False,222.55,-22.574,184.17,0.6297,0.11019,3.846,4.634
4cad88,SAS864,,,1781596504,59.724668,16.412985,4591.3,110.8,False,221.65,-22.378,183.66,0.6272,0.11035,3.956,4.753
4cad88,SAS864,,,1781596505,59.723949,16.416654,4569.1,111.2,False,220.75,-22.184,183.14,0.6247,0.11052,4.067,4.873
4cad88,SAS864,,,1781596506,59.723275,16.420341,4547.1,109.9,False,219.85,-21.991,182.63,0.6222,0.11068,4.178,4.991
4cad88,SAS864,,,1781596507,59.722558,16.424026,4525.3,111.1,False,221.45,-21.86,182.11,0.6226,0.1097,4.287,5.111
4cad88,SAS864,,,1781596508,59.721842,16.427695,4503.6,111.2,False,220.55,-21.67,181.6,0.6201,0.10985,4.397,5.23
4cad88,SAS864,,,1781596509,59.721144,16.43136,4482.1,110.7,False,219.66,-21.481,181.08,0.6177,0.11001,4.507,5.349
4cad88,SAS864,,,1781596510,59.72042,16.434989,4460.8,111.6,False,218.78,-21.293,180.57,0.6152,0.11016,4.617,5.467
4cad88,SAS864,,,1781596511,59.719719,16.438617,4439.7,111.0,False,217.89,-21.107,180.06,0.6127,0.1103,4.728,5.584
4cad88,SAS864,,,1781596512,59.719028,16.442237,4418.8,110.8,False,217.01,-20.922,179.54,0.6103,0.11045,4.838,5.702
4cad88,SAS864,,,1781596513,59.718349,16.445848,4398.1,110.4,False,216.14,-20.739,179.03,0.6079,0.11058,4.949,5.818
4cad88,SAS864,,,1781596514,59.717668,16.449442,4377.5,110.6,False,215.27,-20.557,178.51,0.6055,0.11072,5.059,5.934
4cad88,SAS864,,,1781596515,59.716958,16.452997,4357.1,111.6,False,214.4,-20.376,178.0,0.6031,0.11085,5.17,6.05
4cad88,SAS864,,,1781596516,59.716277,16.456557,4336.9,110.8,False,213.53,-20.197,177.48,0.6007,0.11098,5.281,6.166
4cad88,SAS864,,,1781596517,59.715618,16.460118,4316.9,110.1,False,212.67,-20.019,176.97,0.5983,0.11111,5.392,6.28
4cad88,SAS864,,,1781596518,59.714919,16.463631,4297.1,111.6,False,211.82,-19.842,176.45,0.5959,0.11123,5.504,6.395
4cad88,SAS864,,,1781596519,59.714235,16.46714,4277.4,111.1,False,210.96,-19.667,175.94,0.5935,0.11136,5.615,6.509
4cad88,SAS864,,,1781596520,59.713577,16.470652,4257.9,110.4,False,210.11,-19.493,175.43,0.5912,0.11147,5.726,6.622
4cad88,SAS864,,,1781596521,59.7129,16.474134,4238.6,111.1,False,209.27,-19.321,174.91,0.5888,0.11159,5.838,6.735
4cad88,SAS864,,,1781596522,59.712236,16.47761,4219.5,110.7,False,208.42,-19.15,174.4,0.5865,0.1117,5.95,6.848
4cad88,SAS864,,,1781596523,59.711567,16.481065,4200.5,111.0,False,207.58,-18.98,173.88,0.5842,0.11181,6.062,6.96
4cad88,SAS864,,,1781596524,59.710896,16.484503,4181.7,111.2,False,206.75,-18.812,173.37,0.5819,0.11191,6.173,7.071
4cad88,SAS864,,,1781596525,59.710241,16.487938,4163.0,110.7,False,205.92,-18.645,172.85,0.5795,0.11202,6.285,7.183
4cad88,SAS864,,,1781596526,59.709581,16.491352,4144.5,111.0,False,205.09,-18.479,172.34,0.5773,0.11212,6.398,7.293
4cad88,SAS864,,,1781596527,59.708933,16.49476,4126.2,110.6,False,204.26,-18.315,171.82,0.575,0.11222,6.51,7.404
4cad88,SAS864,,,1781596528,59.708266,16.498138,4108.1,111.4,False,203.47,-18.151,171.31,0.5726,0.11233,6.622,7.513
4cad88,SAS864,,,1781596529,59.707616,16.501513,4090.1,110.9,False,202.65,-17.989,170.8,0.5704,0.11242,6.735,7.623
4cad88,SAS864,,,1781596530,59.706962,16.50487,4072.3,111.1,False,201.84,-17.829,170.28,0.5681,0.11251,6.847,7.732
4cad88,SAS864,,,1781596531,59.706347,16.50824,4054.6,109.9,False,201.02,-17.67,169.77,0.5658,0.1126,6.96,7.84
4cad88,SAS864,,,1781596532,59.705685,16.511559,4037.1,111.6,False,200.21,-17.513,169.25,0.5636,0.11268,7.072,7.949
4cad88,SAS864,,,1781596533,59.705033,16.514871,4019.7,111.3,False,199.41,-17.356,168.74,0.5614,0.11277,7.185,8.056
4cad88,SAS864,,,1781596534,59.70441,16.518189,4002.5,110.4,False,198.6,-17.202,168.22,0.5591,0.11285,7.298,8.163
4cad88,SAS864,,,1781596535,59.703774,16.521482,3985.5,111.0,False,197.8,-17.048,167.71,0.5569,0.11292,7.411,8.27
4cad88,SAS864,,,1781596536,59.703144,16.524764,3968.6,110.8,False,197.0,-16.896,167.19,0.5547,0.113,7.524,8.377
4cad88,SAS864,,,1781596537,59.702513,16.528031,3951.8,111.0,False,196.21,-16.745,166.68,0.5525,0.11307,7.637,8.483
4cad88,SAS864,,,1781596538,59.701899,16.531294,3935.2,110.5,False,195.41,-16.595,166.17,0.5503,0.11314,7.75,8.588
4cad88,SAS864,,,1781596539,59.701264,16.534527,3918.8,111.3,False,194.62,-16.447,165.65,0.5481,0.11321,7.863,8.693
4cad88,SAS864,,,1781596540,59.700659,16.537767,3902.5,110.3,False,193.84,-16.3,165.14,0.5459,0.11327,7.977,8.798
4cad88,SAS864,,,1781596541,59.700019,16.540997,3886.3,111.4,False,194.66,-16.2,164.62,0.5459,0.11248,8.089,8.903
4cad88,SAS864,,,1781596542,59.699408,16.544233,3870.2,110.5,False,193.88,-16.056,164.11,0.5438,0.11254,8.202,9.008
4cad88,SAS864,,,1781596543,59.698785,16.547446,3854.3,111.0,False,193.09,-15.913,163.59,0.5416,0.1126,8.314,9.112
4cad88,SAS864,,,1781596544,59.698149,16.550634,3838.5,111.5,False,192.31,-15.771,163.08,0.5394,0.11266,8.427,9.216
4cad88,SAS864,,,1781596545,59.697521,16.553813,3822.9,111.4,False,191.53,-15.63,162.56,0.5373,0.11272,8.54,9.319
4cad88,SAS864,,,1781596546,59.696918,16.556995,3807.4,110.6,False,190.75,-15.49,162.05,0.5351,0.11278,8.652,9.422
4cad88,SAS864,,,1781596547,59.696306,16.560156,3792.1,111.0,False,189.97,-15.352,161.54,0.533,0.11283,8.765,9.525
4cad88,SAS864,,,1781596548,59.69571,16.563315,3776.9,110.5,False,189.2,-15.215,161.02,0.5309,0.11288,8.878,9.627
4cad88,SAS864,,,1781596549,59.695113,16.566458,3761.8,110.6,False,188.43,-15.08,160.51,0.5287,0.11293,8.991,9.729
4cad88,SAS864,,,1781596550,59.694516,16.569586,3746.8,110.7,False,187.66,-14.945,159.99,0.5266,0.11298,9.104,9.83
4cad88,SAS864,,,1781596551,59.693904,16.572688,3732.0,111.4,False,186.9,-14.812,159.48,0.5245,0.11303,9.217,9.931
4cad88,SAS864,,,1781596552,59.693291,16.575775,3717.3,111.5,False,186.14,-14.68,158.96,0.5224,0.11307,9.33,10.031
4cad88,SAS864,,,1781596553,59.692697,16.578862,3702.8,110.9,False,185.38,-14.55,158.45,0.5203,0.11311,9.443,10.131
4cad88,SAS864,,,1781596554,59.692123,16.581949,3688.4,110.2,False,184.62,-14.42,157.93,0.5182,0.11315,9.556,10.231
4cad88,SAS864,,,1781596555,59.691516,16.584997,3674.1,111.5,False,183.86,-14.292,157.42,0.5161,0.11319,9.67,10.33
4cad88,SAS864,,,1781596556,59.690941,16.588054,3659.9,110.4,False,183.11,-14.165,156.91,0.514,0.11323,9.783,10.429
4cad88,SAS864,,,1781596557,59.690351,16.591086,3645.9,111.1,False,182.36,-14.04,156.39,0.512,0.11327,9.896,10.528
4cad88,SAS864,,,1781596558,59.689774,16.594114,3632.0,110.7,False,181.61,-13.915,155.88,0.5099,0.1133,10.009,10.626
4cad88,SAS864,,,1781596559,59.689171,16.597107,3618.2,111.8,False,180.86,-13.792,155.36,0.5078,0.11333,10.123,10.723
4cad88,SAS864,,,1781596560,59.688582,16.600096,3604.5,111.3,False,180.12,-13.67,154.85,0.5058,0.11336,10.236,10.821
4cad88,SAS864,,,1781596561,59.688023,16.603095,3590.9,110.3,False,179.38,-13.549,154.33,0.5037,0.11339,10.349,10.918
4cad88,SAS864,,,1781596562,59.687458,16.606074,3577.5,110.6,False,178.64,-13.429,153.82,0.5017,0.11342,10.463,11.014
4cad88,SAS864,,,1781596563,59.686874,16.609025,3564.2,111.4,False,177.9,-13.311,153.3,0.4996,0.11345,10.576,11.11
4cad88,SAS864,,,1781596564,59.6863,16.61197,3551.0,111.1,False,177.16,-13.194,152.79,0.4976,0.11347,10.69,11.206
4cad88,SAS864,,,1781596565,59.685741,16.614912,3537.9,110.6,False,176.43,-13.077,152.28,0.4956,0.11349,10.803,11.301
4cad88,SAS864,,,1781596566,59.685185,16.617842,3525.0,110.6,False,175.7,-12.962,151.76,0.4936,0.11352,10.917,11.396
4cad88,SAS864,,,1781596567,59.684617,16.620749,3512.1,111.2,False,174.97,-12.849,151.25,0.4916,0.11354,11.03,11.49
4cad88,SAS864,,,1781596568,59.68405,16.623643,3499.4,111.2,False,174.24,-12.736,150.73,0.4895,0.11355,11.144,11.584
4cad88,SAS864,,,1781596569,59.683489,16.626528,3486.8,111.1,False,173.51,-12.625,150.22,0.4875,0.11357,11.257,11.678
4cad88,SAS864,,,1781596570,59.682925,16.629396,3474.2,111.3,False,172.79,-12.514,149.7,0.4855,0.11359,11.371,11.771
4cad88,SAS864,,,1781596571,59.682369,16.632257,3461.8,111.0,False,172.07,-12.405,149.19,0.4836,0.1136,11.485,11.864
4cad88,SAS864,,,1781596572,59.681822,16.635111,3449.5,110.8,False,171.35,-12.297,148.67,0.4816,0.11362,11.598,11.957
4cad88,SAS864,,,1781596573,59.681275,16.637951,3437.4,110.9,False,170.63,-12.19,148.16,0.4796,0.11363,11.712,12.049
4cad88,SAS864,,,1781596574,59.680742,16.640788,3425.3,110.4,False,169.92,-12.084,147.65,0.4776,0.11364,11.826,12.141
4cad88,SAS864,,,1781596575,59.680199,16.643603,3413.3,110.9,False,169.2,-11.98,147.13,0.4756,0.11365,11.939,12.232
4cad88,SAS864,,,1781596576,59.679642,16.646394,3401.4,111.6,False,168.49,-11.876,146.62,0.4737,0.11366,12.053,12.323
4cad88,SAS864,,,1781596577,59.679124,16.649201,3389.6,110.1,False,167.78,-11.774,146.1,0.4717,0.11367,12.167,12.414
4cad88,SAS864,,,1781596578,59.678586,16.651981,3378.0,111.0,False,167.07,-11.672,145.59,0.4698,0.11368,12.28,12.504
4cad88,SAS864,,,1781596579,59.67805,16.654747,3366.4,111.0,False,166.36,-11.572,145.07,0.4678,0.11368,12.394,12.594
4cad88,SAS864,,,1781596580,59.677511,16.657498,3354.9,111.2,False,165.66,-11.473,144.56,0.4659,0.11369,12.508,12.683
4cad88,SAS864,,,1781596581,59.67696,16.660226,3343.5,111.8,False,164.95,-11.375,144.04,0.4639,0.11369,12.621,12.772
4cad88,SAS864,,,1781596582,59.676422,16.662951,3332.3,111.4,False,164.25,-11.278,143.53,0.462,0.1137,12.735,12.861
4cad88,SAS864,,,1781596583,59.675891,16.665668,3321.1,111.1,False,163.55,-11.182,143.02,0.46,0.1137,12.849,12.949
4cad88,SAS864,,,1781596584,59.67537,16.668379,3310.0,110.8,False,162.85,-11.087,142.5,0.4581,0.1137,12.962,13.037
4cad88,SAS864,,,1781596585,59.674864,16.671087,3299.0,110.3,False,162.15,-10.993,141.99,0.4562,0.1137,13.076,13.125
4cad88,SAS864,,,1781596586,59.674322,16.673768,3288.1,111.8,False,162.13,-10.933,141.47,0.4556,0.11315,13.189,13.212
4cad88,SAS864,,,1781596587,59.67381,16.676458,3277.2,110.7,False,161.43,-10.841,140.96,0.4537,0.11315,13.302,13.299
4cad88,SAS864,,,1781596588,59.673288,16.679128,3266.5,111.2,False,160.73,-10.751,140.44,0.4518,0.11315,13.416,13.386
4cad88,SAS864,,,1781596589,59.672766,16.681785,3255.8,111.3,False,160.04,-10.661,139.93,0.4499,0.11315,13.529,13.473
4cad88,SAS864,,,1781596590,59.672259,16.684439,3245.3,110.7,False,159.35,-10.572,139.41,0.448,0.11315,13.642,13.559
4cad88,SAS864,,,1781596591,59.671748,16.687077,3234.8,111.0,False,158.65,-10.485,138.9,0.4461,0.11315,13.755,13.644
4cad88,SAS864,,,1781596592,59.671231,16.689697,3224.4,111.3,False,157.96,-10.398,138.39,0.4442,0.11314,13.868,13.73
4cad88,SAS864,,,1781596593,59.670739,16.692324,3214.1,110.3,False,157.27,-10.313,137.87,0.4423,0.11314,13.981,13.815
4cad88,SAS864,,,1781596594,59.670235,16.694927,3203.8,111.0,False,156.58,-10.228,137.36,0.4404,0.11313,14.094,13.899
4cad88,SAS864,,,1781596595,59.669718,16.697508,3193.7,111.6,False,155.9,-10.145,136.84,0.4385,0.11313,14.208,13.983
4cad88,SAS864,,,1781596596,59.669207,16.70008,3183.6,111.5,False,155.21,-10.063,136.33,0.4366,0.11312,14.321,14.067
4cad88,SAS864,,,1781596597,59.668705,16.702646,3173.6,111.1,False,154.53,-9.981,135.81,0.4347,0.11311,14.434,14.151
4cad88,SAS864,,,1781596598,59.668214,16.705208,3163.7,110.8,False,153.85,-9.901,135.3,0.4328,0.1131,14.547,14.234
4cad88,SAS864,,,1781596599,59.667707,16.707744,3153.9,111.6,False,153.17,-9.821,134.78,0.431,0.11309,14.66,14.316
4cad88,SAS864,,,1781596600,59.667222,16.710283,3144.2,110.7,False,152.49,-9.743,134.27,0.4291,0.11309,14.773,14.399
4cad88,SAS864,,,1781596601,59.666746,16.712817,3134.5,110.4,False,151.81,-9.665,133.76,0.4272,0.11308,14.886,14.481
4cad88,SAS864,,,1781596602,59.666247,16.71532,3124.9,111.6,False,151.13,-9.589,133.24,0.4254,0.11307,14.999,14.562
4cad88,SAS864,,,1781596603,59.66575,16.717812,3115.4,111.5,False,150.45,-9.513,132.73,0.4235,0.11305,15.112,14.643
4cad88,SAS864,,,1781596604,59.66527,16.720304,3106.0,110.9,False,149.78,-9.439,132.21,0.4216,0.11304,15.225,14.724
4cad88,SAS864,,,1781596605,59.664796,16.722787,3096.6,110.7,False,149.11,-9.365,131.7,0.4198,0.11303,15.338,14.805
4cad88,SAS864,,,1781596606,59.664327,16.725262,3087.3,110.6,False,148.43,-9.293,131.18,0.4179,0.11302,15.451,14.885
4cad88,SAS864,,,1781596607,59.663846,16.727715,3078.1,111.2,False,147.76,-9.221,130.67,0.4161,0.11301,15.564,14.965
4cad88,SAS864,,,1781596608,59.66337,16.730158,3068.9,111.1,False,147.09,-9.15,130.15,0.4142,0.11299,15.677,15.044
4cad88,SAS864,,,1781596609,59.662905,16.732597,3059.9,110.7,False,146.43,-9.08,129.64,0.4124,0.11298,15.79,15.123
4cad88,SAS864,,,1781596610,59.662435,16.73502,3050.8,111.0,False,145.76,-9.012,129.13,0.4106,0.11297,15.903,15.202
4cad88,SAS864,,,1781596611,59.661968,16.737433,3041.9,111.0,False,145.09,-8.944,128.61,0.4087,0.11295,16.016,15.28
4cad88,SAS864,,,1781596612,59.661503,16.739844,3033.0,110.9,False,145.01,-8.939,128.61,0.4085,0.113,16.129,15.359
4cad88,SAS864,,,1781596613,59.661033,16.742251,3024.0,111.1,False,144.93,-8.934,128.61,0.4083,0.11304,16.242,15.437
4cad88,SAS864,,,1781596614,59.660548,16.744645,3015.1,111.9,False,144.85,-8.929,128.61,0.4081,0.11309,16.355,15.515
4cad88,SAS864,,,1781596615,59.660088,16.747056,3006.2,110.7,False,144.77,-8.924,128.61,0.4078,0.11313,16.468,15.593
4cad88,SAS864,,,1781596616,59.659625,16.749463,2997.3,110.9,False,144.69,-8.919,128.61,0.4076,0.11318,16.582,15.671
4cad88,SAS864,,,1781596617,59.659158,16.751866,2988.3,111.0,False,144.61,-8.914,128.61,0.4074,0.11323,16.695,15.749
4cad88,SAS864,,,1781596618,59.658702,16.754276,2979.4,110.5,False,144.53,-8.909,128.61,0.4072,0.11327,16.808,15.827
4cad88,SAS864,,,1781596619,59.658242,16.756681,2970.5,110.8,False,144.45,-8.905,128.61,0.407,0.11332,16.921,15.905
4cad88,SAS864,,,1781596620,59.657778,16.759081,2961.6,110.9,False,144.37,-8.9,128.61,0.4068,0.11337,17.035,15.983
4cad88,SAS864,,,1781596621,59.657316,16.761482,2952.7,110.8,False,144.29,-8.895,128.61,0.4065,0.11341,17.148,16.061
4cad88,SAS864,,,1781596622,59.656855,16.763881,2943.8,110.9,False,144.21,-8.89,128.61,0.4063,0.11346,17.262,16.139
4cad88,SAS864,,,1781596623,59.656378,16.766267,2935.0,111.6,False,144.13,-8.885,128.61,0.4061,0.1135,17.375,16.217
4cad88,SAS864,,,1781596624,59.655907,16.768656,2926.1,111.3,False,144.05,-8.88,128.61,0.4059,0.11355,17.489,16.295
4cad88,SAS864,,,1781596625,59.65544,16.771047,2917.2,111.1,False,143.98,-8.875,128.61,0.4057,0.1136,17.602,16.373
4cad88,SAS864,,,1781596626,59.654979,16.77344,2908.3,110.9,False,143.9,-8.871,128.61,0.4054,0.11364,17.716,16.45
4cad88,SAS864,,,1781596627,59.654514,16.775829,2899.5,111.0,False,143.82,-8.866,128.61,0.4052,0.11369,17.83,16.528
4cad88,SAS864,,,1781596628,59.654051,16.778218,2890.6,111.0,False,143.74,-8.861,128.61,0.405,0.11374,17.943,16.606
4cad88,SAS864,,,1781596629,59.653595,16.78061,2881.8,110.7,False,143.66,-8.856,128.61,0.4048,0.11379,18.057,16.683
4cad88,SAS864,,,1781596630,59.653147,16.783019,2872.9,110.2,False,144.19,-8.852,128.61,0.4046,0.11381,18.171,16.761
4cad88,SAS864,,,1781596631,59.652705,16.78543,2864.1,109.9,False,144.11,-8.848,128.61,0.4044,0.11386,18.285,16.839
4cad88,SAS864,,,1781596632,59.652252,16.787832,2855.2,110.5,False,144.03,-8.843,128.61,0.4042,0.11391,18.399,16.917
4cad88,SAS864,,,1781596633,59.651809,16.790239,2846.4,110.0,False,143.95,-8.838,128.61,0.404,0.11396,18.513,16.994
4cad88,SAS864,,,1781596634,59.651377,16.792653,2837.5,109.5,False,143.87,-8.833,128.61,0.4038,0.114,18.627,17.072
4cad88,SAS864,,,1781596635,59.65095,16.795069,2828.7,109.3,False,143.8,-8.828,128.61,0.4035,0.11405,18.741,17.15
4cad88,SAS864,,,1781596636,59.650538,16.797494,2819.9,108.6,False,143.72,-8.824,128.61,0.4033,0.1141,18.855,17.227
4cad88,SAS864,,,1781596637,59.650115,16.79991,2811.1,109.1,False,143.64,-8.819,128.61,0.4031,0.11414,18.969,17.305
4cad88,SAS864,,,1781596638,59.649708,16.802334,2802.3,108.4,False,143.56,-8.814,128.61,0.4029,0.11419,19.083,17.382
4cad88,SAS864,,,1781596639,59.649302,16.804758,2793.4,108.3,False,143.48,-8.809,128.61,0.4027,0.11424,19.197,17.46
4cad88,SAS864,,,1781596640,59.648876,16.807167,2784.6,109.3,False,143.41,-8.805,128.61,0.4025,0.11429,19.312,17.537
4cad88,SAS864,,,1781596641,59.648484,16.809597,2775.8,107.7,False,143.33,-8.8,128.61,0.4023,0.11433,19.426,17.615
4cad88,SAS864,,,1781596642,59.648085,16.812021,2767.0,108.1,False,143.25,-8.795,128.61,0.402,0.11438,19.54,17.692
4cad88,SAS864,,,1781596643,59.647688,16.814445,2758.3,107.9,False,143.17,-8.79,128.61,0.4018,0.11443,19.655,17.769
4cad88,SAS864,,,1781596644,59.647305,16.816876,2749.5,107.3,False,143.1,-8.786,128.61,0.4016,0.11448,19.769,17.847
4cad88,SAS864,,,1781596645,59.646882,16.81928,2740.7,109.2,False,143.02,-8.781,128.61,0.4014,0.11453,19.884,17.924
4cad88,SAS864,,,1781596646,59.646477,16.821708,2731.9,108.3,False,143.68,-8.813,128.61,0.4024,0.11399,19.998,18.001
4cad88,SAS864,,,1781596647,59.646092,16.824147,2723.1,107.4,False,143.6,-8.808,128.61,0.4022,0.11404,20.112,18.079
4cad88,SAS864,,,1781596648,59.645724,16.826595,2714.3,106.6,False,143.52,-8.803,128.61,0.402,0.11409,20.226,18.156
4cad88,SAS864,,,1781596649,59.645327,16.829024,2705.5,107.9,False,143.45,-8.799,128.61,0.4018,0.11413,20.34,18.234
4cad88,SAS864,,,1781596650,59.644941,16.831458,2696.7,107.4,False,143.37,-8.794,128.61,0.4016,0.11418,20.454,18.311
4cad88,SAS864,,,1781596651,59.644564,16.833897,2687.9,107.0,False,143.29,-8.789,128.61,0.4014,0.11423,20.569,18.389
4cad88,SAS864,,,1781596652,59.644172,16.836324,2679.1,107.7,False,143.21,-8.785,128.61,0.4012,0.11428,20.683,18.466
4cad88,SAS864,,,1781596653,59.643777,16.838748,2670.3,107.9,False,143.14,-8.78,128.61,0.401,0.11432,20.797,18.543
4cad88,SAS864,,,1781596654,59.643408,16.841187,2661.5,106.7,False,143.06,-8.775,128.61,0.4007,0.11437,20.912,18.62
4cad88,SAS864,,,1781596655,59.643015,16.84361,2652.8,107.8,False,142.98,-8.77,128.61,0.4005,0.11442,21.026,18.698
4cad88,SAS864,,,1781596656,59.642635,16.846039,2644.0,107.2,False,142.91,-8.766,128.61,0.4003,0.11447,21.14,18.775
4cad88,SAS864,,,1781596657,59.64225,16.848463,2635.2,107.4,False,142.83,-8.761,128.61,0.4001,0.11451,21.255,18.852
4cad88,SAS864,,,1781596658,59.641858,16.850882,2626.5,107.8,False,142.75,-8.756,128.61,0.3999,0.11456,21.37,18.929
4cad88,SAS864,,,1781596659,59.641472,16.853303,2617.7,107.5,False,142.67,-8.752,128.61,0.3997,0.11461,21.484,19.006
4cad88,SAS864,,,1781596660,59.641094,16.855728,2609.0,107.1,False,142.6,-8.747,128.61,0.3995,0.11466,21.599,19.083
4cad88,SAS864,,,1781596661,59.640703,16.858143,2600.2,107.8,False,142.52,-8.742,128.61,0.3993,0.11471,21.714,19.16
4cad88,SAS864,,,1781596662,59.640305,16.860552,2591.5,108.1,False,142.45,-8.738,128.61,0.3991,0.11475,21.828,19.237
4cad88,SAS864,,,1781596663,59.63992,16.862968,2582.8,107.5,False,142.37,-8.733,128.61,0.3989,0.1148,21.943,19.314
4cad88,SAS864,,,1781596664,59.639546,16.865389,2574.0,107.0,False,142.29,-8.728,128.61,0.3986,0.11485,22.058,19.391
4cad88,SAS864,,,1781596665,59.639163,16.867804,2565.3,107.4,False,142.22,-8.724,128.61,0.3984,0.1149,22.173,19.467
4cad88,SAS864,,,1781596666,59.638768,16.870209,2556.6,108.0,False,142.14,-8.719,128.61,0.3982,0.11495,22.288,19.544
4cad88,SAS864,,,1781596667,59.638378,16.872616,2547.9,107.8,False,142.07,-8.714,128.61,0.398,0.115,22.403,19.621
4cad88,SAS864,,,1781596668,59.638009,16.875034,2539.2,106.8,False,141.99,-8.71,128.61,0.3978,0.11505,22.518,19.698
4cad88,SAS864,,,1781596669,59.637635,16.877448,2530.5,107.1,False,141.91,-8.705,128.61,0.3976,0.11509,22.633,19.774
4cad88,SAS864,,,1781596670,59.637238,16.879847,2521.8,108.1,False,141.84,-8.7,128.61,0.3974,0.11514,22.748,19.851
4cad88,SAS864,,,1781596671,59.636847,16.882247,2513.1,107.9,False,141.76,-8.696,128.61,0.3972,0.11519,22.863,19.927
4cad88,SAS864,,,1781596672,59.63646,16.884649,2504.4,107.7,False,141.69,-8.691,128.61,0.397,0.11524,22.978,20.004
4cad88,SAS864,,,1781596673,59.63607,16.887047,2495.7,107.9,False,141.61,-8.686,128.61,0.3968,0.11529,23.094,20.08
4cad88,SAS864,,,1781596674,59.635698,16.889455,2487.0,107.0,False,141.54,-8.682,128.61,0.3966,0.11534,23.209,20.157
4cad88,SAS864,,,1781596675,59.635297,16.891844,2478.3,108.3,False,141.46,-8.677,128.61,0.3964,0.11539,23.324,20.233
4cad88,SAS864,,,1781596676,59.634924,16.894248,2469.7,107.1,False,141.39,-8.673,128.61,0.3962,0.11544,23.44,20.309
4cad88,SAS864,,,1781596677,59.634549,16.89665,2461.0,107.2,False,141.31,-8.668,128.61,0.3959,0.11549,23.555,20.386
4cad88,SAS864,,,1781596678,59.63416,16.899042,2452.3,107.8,False,141.24,-8.663,128.61,0.3957,0.11554,23.671,20.462
4cad88,SAS864,,,1781596679,59.633767,16.90143,2443.7,108.1,False,141.16,-8.659,128.61,0.3955,0.11558,23.787,20.538
4cad88,SAS864,,,1781596680,59.63338,16.90382,2435.0,107.8,False,141.09,-8.654,128.61,0.3953,0.11563,23.902,20.614
4cad88,SAS864,,,1781596681,59.632975,16.906197,2426.4,108.6,False,141.01,-8.65,128.61,0.3951,0.11568,24.018,20.691
4cad88,SAS864,,,1781596682,59.632579,16.908579,2417.7,108.2,False,140.94,-8.645,128.61,0.3949,0.11573,24.134,20.767
4cad88,SAS864,,,1781596683,59.632195,16.910967,2409.1,107.6,False,140.86,-8.641,128.61,0.3947,0.11578,24.249,20.843
4cad88,SAS864,,,1781596684,59.631806,16.91335,2400.5,107.9,False,140.79,-8.636,128.61,0.3945,0.11583,24.365,20.919
4cad88,SAS864,,,1781596685,59.631437,16.915744,2391.8,106.9,False,140.71,-8.631,128.61,0.3943,0.11588,24.481,20.995
4cad88,SAS864,,,1781596686,59.63105,16.918125,2383.2,107.8,False,140.64,-8.627,128.61,0.3941,0.11593,24.597,21.071
4cad88,SAS864,,,1781596687,59.630645,16.920494,2374.6,108.7,False,140.57,-8.622,128.61,0.3939,0.11598,24.713,21.147
4cad88,SAS864,,,1781596688,59.630247,16.922866,2366.0,108.4,False,140.49,-8.618,128.61,0.3937,0.11603,24.829,21.222
4cad88,SAS864,,,1781596689,59.629869,16.925249,2357.3,107.4,False,140.42,-8.613,128.61,0.3935,0.11608,24.945,21.298
4cad88,SAS864,,,1781596690,59.629503,16.927638,2348.7,106.8,False,140.34,-8.609,128.61,0.3933,0.11613,25.061,21.374
4cad88,SAS864,,,1781596691,59.629105,16.930005,2340.1,108.4,False,140.27,-8.604,128.61,0.3931,0.11618,25.177,21.45
4cad88,SAS864,,,1781596692,59.628713,16.932375,2331.5,108.1,False,140.2,-8.6,128.61,0.3929,0.11623,25.294,21.525
4cad88,SAS864,,,1781596693,59.628345,16.934759,2322.9,107.0,False,140.12,-8.595,128.61,0.3927,0.11628,25.41,21.601
4cad88,SAS864,,,1781596694,59.627939,16.937117,2314.3,108.8,False,140.05,-8.591,128.61,0.3925,0.11634,25.526,21.677
4cad88,SAS864,,,1781596695,59.62757,16.939497,2305.8,107.0,False,139.98,-8.586,128.61,0.3923,0.11639,25.643,21.752
4cad88,SAS864,,,1781596696,59.627157,16.941846,2297.2,109.2,False,139.9,-8.582,128.61,0.3921,0.11644,25.759,21.828
4cad88,SAS864,,,1781596697,59.62677,16.944212,2288.6,107.9,False,139.83,-8.577,128.61,0.3919,0.11649,25.876,21.903
4cad88,SAS864,,,1781596698,59.626393,16.946583,2280.0,107.5,False,139.76,-8.573,128.61,0.3917,0.11654,25.992,21.979
4cad88,SAS864,,,1781596699,59.626017,16.948953,2271.5,107.4,False,139.68,-8.568,128.61,0.3915,0.11659,26.109,22.054
4cad88,SAS864,,,1781596700,59.62562,16.951309,2262.9,108.5,False,139.61,-8.564,128.61,0.3913,0.11664,26.225,22.13
4cad88,SAS864,,,1781596701,59.625221,16.953662,2254.3,108.5,False,139.54,-8.559,128.61,0.3911,0.11669,26.342,22.205
4cad88,SAS864,,,1781596702,59.624829,16.956018,2245.8,108.2,False,139.46,-8.555,128.61,0.3909,0.11674,26.459,22.28
4cad88,SAS864,,,1781596703,59.624442,16.958376,2237.2,108.0,False,139.39,-8.55,128.61,0.3907,0.1168,26.576,22.356
4cad88,SAS864,,,1781596704,59.624052,16.96073,2228.7,108.2,False,139.32,-8.546,128.61,0.3905,0.11685,26.692,22.431
4cad88,SAS864,,,1781596705,59.623631,16.963063,2220.1,109.6,False,139.25,-8.541,128.61,0.3903,0.1169,26.809,22.506
4cad88,SAS864,,,1781596706,59.623242,16.965416,2211.6,108.1,False,139.17,-8.537,128.61,0.3901,0.11695,26.926,22.581
4cad88,SAS864,,,1781596707,59.622856,16.967777,2203.0,108.0,False,139.57,-8.562,128.61,0.3909,0.11648,27.043,22.656
4cad88,SAS864,,,1781596708,59.622466,16.970135,2194.5,108.1,False,139.5,-8.557,128.61,0.3907,0.11653,27.159,22.732
4cad88,SAS864,,,1781596709,59.622077,16.972492,2185.9,108.1,False,139.42,-8.553,128.61,0.3905,0.11658,27.276,22.807
4cad88,SAS864,,,1781596710,59.621697,16.974853,2177.4,107.7,False,139.35,-8.548,128.61,0.3903,0.11663,27.392,22.882
4cad88,SAS864,,,1781596711,59.62131,16.977209,2168.8,108.0,False,139.28,-8.544,128.61,0.3901,0.11668,27.509,22.957
4cad88,SAS864,,,1781596712,59.620924,16.979564,2160.3,108.0,False,139.21,-8.539,128.61,0.3899,0.11673,27.626,23.033
4cad88,SAS864,,,1781596713,59.62051,16.981899,2151.8,109.3,False,139.13,-8.535,128.61,0.3897,0.11678,27.743,23.108
4cad88,SAS864,,,1781596714,59.620114,16.984244,2143.2,108.5,False,139.06,-8.531,128.61,0.3895,0.11683,27.86,23.183
4cad88,SAS864,,,1781596715,59.61971,16.986583,2134.7,108.8,False,138.99,-8.526,128.61,0.3893,0.11688,27.976,23.258
4cad88,SAS864,,,1781596716,59.619313,16.988925,2126.2,108.5,False,138.92,-8.522,128.61,0.3891,0.11694,28.093,23.333
4cad88,SAS864,,,1781596717,59.618925,16.991272,2117.7,108.1,False,138.84,-8.517,128.61,0.3889,0.11699,28.21,23.408
4cad88,SAS864,,,1781596718,59.618533,16.993615,2109.2,108.3,False,138.77,-8.513,128.61,0.3887,0.11704,28.327,23.483
4cad88,SAS864,,,1781596719,59.618145,16.995959,2100.7,108.1,False,138.7,-8.508,128.61,0.3885,0.11709,28.444,23.558
4cad88,SAS864,,,1781596720,59.617752,16.998298,2092.2,108.4,False,138.63,-8.504,128.61,0.3883,0.11714,28.562,23.633
4cad88,SAS864,,,1781596721,59.617359,17.000636,2083.7,108.4,False,138.56,-8.499,128.61,0.3881,0.1172,28.679,23.707
4cad88,SAS864,,,1781596722,59.616963,17.002971,2075.2,108.5,False,138.48,-8.495,128.61,0.3879,0.11725,28.796,23.782
4cad88,SAS864,,,1781596723,59.616566,17.005303,2066.7,108.6,False,138.41,-8.491,128.61,0.3877,0.1173,28.913,23.857
4cad88,SAS864,,,1781596724,59.61617,17.007635,2058.2,108.5,False,138.34,-8.486,128.61,0.3875,0.11735,29.031,23.932
4cad88,SAS864,,,1781596725,59.615776,17.009967,2049.7,108.5,False,138.27,-8.482,128.61,0.3873,0.1174,29.148,24.006
4cad88,SAS864,,,1781596726,59.615364,17.012285,2041.2,109.3,False,138.2,-8.477,128.61,0.3871,0.11746,29.266,24.081
4cad88,SAS864,,,1781596727,59.614972,17.014615,2032.7,108.4,False,138.13,-8.473,128.61,0.3869,0.11751,29.383,24.155
4cad88,SAS864,,,1781596728,59.614577,17.016942,2024.3,108.5,False,138.06,-8.469,128.61,0.3867,0.11756,29.501,24.23
4cad88,SAS864,,,1781596729,59.614171,17.019259,2015.8,109.1,False,137.99,-8.464,128.61,0.3865,0.11762,29.618,24.304
4cad88,SAS864,,,1781596730,59.613782,17.021588,2007.4,108.3,False,137.91,-8.46,128.61,0.3864,0.11767,29.736,24.379
4cad88,SAS864,,,1781596731,59.613393,17.023914,1998.9,108.3,False,137.84,-8.455,128.61,0.3862,0.11772,29.854,24.453
4cad88,SAS864,,,1781596732,59.613,17.026238,1990.4,108.5,False,137.77,-8.451,128.61,0.386,0.11777,29.971,24.528
4cad88,SAS864,,,1781596733,59.612607,17.028559,1982.0,108.5,False,137.7,-8.447,128.61,0.3858,0.11783,30.089,24.602
4cad88,SAS864,,,1781596734,59.61221,17.030877,1973.6,108.7,False,137.63,-8.442,128.61,0.3856,0.11788,30.207,24.676
4cad88,SAS864,,,1781596735,59.611812,17.033192,1965.1,108.8,False,137.56,-8.438,128.61,0.3854,0.11793,30.325,24.751
4cad88,SAS864,,,1781596736,59.611417,17.035509,1956.7,108.6,False,137.49,-8.434,128.61,0.3852,0.11799,30.443,24.825
4cad88,SAS864,,,1781596737,59.611026,17.037826,1948.3,108.4,False,137.42,-8.429,128.61,0.385,0.11804,30.561,24.899
4cad88,SAS864,,,1781596738,59.610628,17.040138,1939.8,108.8,False,137.35,-8.425,128.61,0.3848,0.11809,30.679,24.973
4cad88,SAS864,,,1781596739,59.610229,17.042447,1931.4,108.9,False,137.28,-8.421,128.61,0.3846,0.11815,30.797,25.047
4cad88,SAS864,,,1781596740,59.609832,17.044757,1923.0,108.8,False,137.21,-8.416,128.61,0.3844,0.1182,30.916,25.122
4cad88,SAS864,,,1781596741,59.609435,17.047065,1914.6,108.8,False,137.14,-8.412,128.61,0.3842,0.11826,31.034,25.196
4cad88,SAS864,,,1781596742,59.609038,17.049372,1906.2,108.8,False,137.07,-8.408,128.61,0.384,0.11831,31.152,25.27
4cad88,SAS864,,,1781596743,59.608646,17.051681,1897.8,108.6,False,137.0,-8.403,128.61,0.3838,0.11836,31.27,25.344
4cad88,SAS864,,,1781596744,59.608265,17.053995,1889.4,108.0,False,136.93,-8.399,128.61,0.3837,0.11842,31.389,25.418
4cad88,SAS864,,,1781596745,59.607886,17.05631,1881.0,107.9,False,136.86,-8.395,128.61,0.3835,0.11847,31.507,25.491
4cad88,SAS864,,,1781596746,59.607477,17.058603,1872.6,109.4,False,136.79,-8.39,128.61,0.3833,0.11853,31.626,25.565
4cad88,SAS864,,,1781596747,59.607071,17.060897,1864.2,109.3,False,136.72,-8.386,128.61,0.3831,0.11858,31.744,25.639
4cad88,SAS864,,,1781596748,59.60668,17.0632,1855.8,108.6,False,136.65,-8.382,128.61,0.3829,0.11864,31.863,25.713
4cad88,SAS864,,,1781596749,59.606275,17.065492,1847.4,109.3,False,136.58,-8.377,128.61,0.3827,0.11869,31.982,25.787
4cad88,SAS864,,,1781596750,59.605875,17.067786,1839.1,109.0,False,136.51,-8.373,128.61,0.3825,0.11875,32.101,25.86
4cad88,SAS864,,,1781596751,59.605472,17.070076,1830.7,109.2,False,136.44,-8.369,128.61,0.3823,0.1188,32.219,25.934
4cad88,SAS864,,,1781596752,59.605134,17.072097,1823.7,108.3,False,119.74,-6.956,113.18,0.3366,0.11719,32.337,25.999
4cad88,SAS864,,,1781596753,59.60481,17.074125,1816.8,107.5,False,119.69,-6.953,113.18,0.3365,0.11724,32.454,26.063
4cad88,SAS864,,,1781596754,59.604454,17.076132,1809.8,109.3,False,119.64,-6.95,113.18,0.3363,0.11728,32.571,26.128
4cad88,SAS864,,,1781596755,59.60411,17.078146,1802.9,108.6,False,119.58,-6.947,113.18,0.3362,0.11733,32.688,26.192
4cad88,SAS864,,,1781596756,59.60376,17.080155,1796.0,109.0,False,119.53,-6.943,113.18,0.3361,0.11738,32.806,26.257
4cad88,SAS864,,,1781596757,59.6034,17.082155,1789.0,109.6,False,119.48,-6.94,113.18,0.3359,0.11743,32.923,26.322
4cad88,SAS864,,,1781596758,59.603062,17.08417,1782.1,108.3,False,119.43,-6.937,113.18,0.3358,0.11748,33.041,26.386
4cad88,SAS864,,,1781596759,59.602712,17.086176,1775.1,109.0,False,119.38,-6.934,113.18,0.3356,0.11753,33.158,26.45
4cad88,SAS864,,,1781596760,59.602368,17.088185,1768.2,108.7,False,119.33,-6.93,113.18,0.3355,0.11758,33.276,26.515
4cad88,SAS864,,,1781596761,59.602041,17.090204,1761.3,107.8,False,119.28,-6.927,113.18,0.3354,0.11763,33.393,26.579
4cad88,SAS864,,,1781596762,59.601675,17.092196,1754.4,109.9,False,119.23,-6.924,113.18,0.3352,0.11768,33.511,26.644
4cad88,SAS864,,,1781596763,59.601335,17.094204,1747.4,108.5,False,119.18,-6.921,113.18,0.3351,0.11773,33.629,26.708
4cad88,SAS864,,,1781596764,59.600995,17.096212,1740.5,108.5,False,119.13,-6.917,113.18,0.3349,0.11778,33.747,26.772
4cad88,SAS864,,,1781596765,59.600646,17.098212,1733.6,109.0,False,119.08,-6.914,113.18,0.3348,0.11783,33.864,26.837
4cad88,SAS864,,,1781596766,59.600311,17.100222,1726.7,108.2,False,119.03,-6.911,113.18,0.3347,0.11788,33.982,26.901
4cad88,SAS864,,,1781596767,59.599957,17.102217,1719.8,109.3,False,118.98,-6.908,113.18,0.3345,0.11793,34.1,26.965
4cad88,SAS864,,,1781596768,59.599604,17.104212,1712.9,109.3,False,118.93,-6.904,113.18,0.3344,0.11798,34.218,27.029
4cad88,SAS864,,,1781596769,59.599267,17.106217,1706.0,108.4,False,118.88,-6.901,113.18,0.3343,0.11803,34.336,27.094
4cad88,SAS864,,,1781596770,59.598932,17.108225,1699.0,108.2,False,118.99,-6.937,113.18,0.335,0.11744,34.454,27.158
4cad88,SAS864,,,1781596771,59.598583,17.110223,1692.1,109.0,False,118.94,-6.933,113.18,0.3348,0.11749,34.571,27.222
4cad88,SAS864,,,1781596772,59.598215,17.112207,1685.2,110.1,False,118.89,-6.93,113.18,0.3347,0.11754,34.689,27.286
4cad88,SAS864,,,1781596773,59.597896,17.114223,1678.3,107.3,False,118.84,-6.927,113.18,0.3346,0.11759,34.806,27.35
4cad88,SAS864,,,1781596774,59.59754,17.116212,1671.3,109.5,False,118.79,-6.924,113.18,0.3344,0.11764,34.924,27.415
4cad88,SAS864,,,1781596775,59.597191,17.118206,1664.4,109.0,False,118.74,-6.92,113.18,0.3343,0.11769,35.042,27.479
4cad88,SAS864,,,1781596776,59.596856,17.120208,1657.5,108.3,False,118.69,-6.917,113.18,0.3342,0.11774,35.159,27.543
4cad88,SAS864,,,1781596777,59.596517,17.122208,1650.6,108.5,False,118.64,-6.914,113.18,0.334,0.11779,35.277,27.607
4cad88,SAS864,,,1781596778,59.596163,17.124195,1643.7,109.4,False,118.59,-6.911,113.18,0.3339,0.11784,35.395,27.671
4cad88,SAS864,,,1781596779,59.595819,17.126189,1636.8,108.8,False,118.54,-6.907,113.18,0.3337,0.11789,35.513,27.735
4cad88,SAS864,,,1781596780,59.595482,17.128186,1629.9,108.4,False,118.49,-6.904,113.18,0.3336,0.11794,35.631,27.799
4cad88,SAS864,,,1781596781,59.595141,17.13018,1623.0,108.7,False,118.44,-6.901,113.18,0.3335,0.11799,35.749,27.863
4cad88,SAS864,,,1781596782,59.594778,17.132157,1616.1,109.9,False,118.39,-6.898,113.18,0.3333,0.11804,35.867,27.927
4cad88,SAS864,,,1781596783,59.594432,17.134146,1609.2,109.0,False,118.34,-6.895,113.18,0.3332,0.11809,35.985,27.991
4cad88,SAS864,,,1781596784,59.594096,17.13614,1602.3,108.4,False,118.29,-6.891,113.18,0.3331,0.11814,36.103,28.054
4cad88,SAS864,,,1781596785,59.593759,17.138133,1595.4,108.4,False,118.24,-6.888,113.18,0.3329,0.11819,36.221,28.118
4cad88,SAS864,,,1781596786,59.593417,17.140121,1588.5,108.8,False,118.19,-6.885,113.18,0.3328,0.11824,36.339,28.182
4cad88,SAS864,,,1781596787,59.593069,17.142104,1581.6,109.1,False,118.14,-6.882,113.18,0.3327,0.11829,36.458,28.246
4cad88,SAS864,,,1781596788,59.592713,17.144081,1574.7,109.5,False,118.09,-6.878,113.18,0.3325,0.11834,36.576,28.31
4cad88,SAS864,,,1781596789,59.592385,17.146076,1567.9,108.0,False,118.04,-6.875,113.18,0.3324,0.11839,36.695,28.373
4cad88,SAS864,,,1781596790,59.592039,17.148057,1561.0,109.1,False,117.99,-6.872,113.18,0.3322,0.11844,36.813,28.437
4cad88,SAS864,,,1781596791,59.591695,17.15004,1554.1,108.9,False,117.94,-6.869,113.18,0.3321,0.11849,36.931,28.501
4cad88,SAS864,,,1781596792,59.591353,17.152022,1547.3,108.8,False,117.89,-6.865,113.18,0.332,0.11855,37.05,28.564
4cad88,SAS864,,,1781596793,59.591007,17.154002,1540.4,109.0,False,117.84,-6.862,113.18,0.3318,0.1186,37.169,28.628
4cad88,SAS864,,,1781596794,59.590666,17.155983,1533.5,108.8,False,117.79,-6.859,113.18,0.3317,0.11865,37.287,28.692
4cad88,SAS864,,,1781596795,59.590322,17.157961,1526.7,109.0,False,117.74,-6.856,113.18,0.3316,0.1187,37.406,28.755
4cad88,SAS864,,,1781596796,59.589976,17.15995,1519.8,109.0,False,118.39,-6.854,113.18,0.3315,0.11872,37.525,28.819
4cad88,SAS864,,,1781596797,59.589629,17.161938,1513.0,109.0,False,118.34,-6.851,113.18,0.3313,0.11878,37.643,28.883
4cad88,SAS864,,,1781596798,59.589277,17.163921,1506.1,109.3,False,118.29,-6.848,113.18,0.3312,0.11883,37.762,28.947
4cad88,SAS864,,,1781596799,59.588933,17.165909,1499.3,108.9,False,118.24,-6.844,113.18,0.3311,0.11888,37.881,29.011
4cad88,SAS864,,,1781596800,59.588579,17.167889,1492.4,109.4,False,118.19,-6.841,113.18,0.3309,0.11893,38.0,29.075
4cad88,SAS864,,,1781596801,59.588256,17.169888,1485.6,107.7,False,118.14,-6.838,113.18,0.3308,0.11898,38.119,29.138
4cad88,SAS864,,,1781596802,59.587908,17.17187,1478.8,109.1,False,118.09,-6.835,113.18,0.3307,0.11904,38.238,29.202
4cad88,SAS864,,,1781596803,59.587559,17.173851,1471.9,109.2,False,118.04,-6.832,113.18,0.3305,0.11909,38.357,29.266
4cad88,SAS864,,,1781596804,59.587214,17.175833,1465.1,109.0,False,118.0,-6.828,113.18,0.3304,0.11914,38.476,29.33
4cad88,SAS864,,,1781596805,59.586864,17.177811,1458.3,109.3,False,117.95,-6.825,113.18,0.3303,0.11919,38.596,29.393
4cad88,SAS864,,,1781596806,59.58651,17.179785,1451.5,109.5,False,117.9,-6.822,113.18,0.3301,0.11925,38.715,29.457
4cad88,SAS864,,,1781596807,59.586164,17.181764,1444.6,109.1,False,117.85,-6.819,113.18,0.33,0.1193,38.834,29.521
4cad88,SAS864,,,1781596808,59.585822,17.183744,1437.8,108.8,False,117.8,-6.815,113.18,0.3299,0.11935,38.953,29.584
4cad88,SAS864,,,1781596809,59.585486,17.185728,1431.0,108.5,False,117.75,-6.812,113.18,0.3297,0.1194,39.073,29.648
4cad88,SAS864,,,1781596810,59.585134,17.1877,1424.2,109.4,False,117.7,-6.809,113.18,0.3296,0.11946,39.192,29.711
4cad88,SAS864,,,1781596811,59.584771,17.189663,1417.4,110.0,False,117.65,-6.806,113.18,0.3295,0.11951,39.312,29.775
4cad88,SAS864,,,1781596812,59.58443,17.19164,1410.6,108.8,False,117.6,-6.803,113.18,0.3293,0.11956,39.431,29.838
4cad88,SAS864,,,1781596813,59.584102,17.193625,1403.8,108.1,False,117.56,-6.799,113.18,0.3292,0.11962,39.551,29.902
4cad88,SAS864,,,1781596814,59.583739,17.195585,1397.0,110.1,False,117.51,-6.796,113.18,0.3291,0.11967,39.671,29.965
4cad88,SAS864,,,1781596815,59.583368,17.197538,1390.2,110.6,False,117.46,-6.793,113.18,0.3289,0.11972,39.79,30.029
4cad88,SAS864,,,1781596816,59.583039,17.199519,1383.4,108.2,False,117.41,-6.79,113.18,0.3288,0.11978,39.91,30.092
4cad88,SAS864,,,1781596817,59.582701,17.201494,1376.6,108.6,False,117.36,-6.786,113.18,0.3287,0.11983,40.03,30.155
4cad88,SAS864,,,1781596818,59.582343,17.203454,1369.9,109.9,False,117.31,-6.783,113.18,0.3285,0.11989,40.15,30.219
4cad88,SAS864,,,1781596819,59.581978,17.205409,1363.1,110.2,False,117.26,-6.78,113.18,0.3284,0.11994,40.27,30.282
4cad88,SAS864,,,1781596820,59.581628,17.207372,1356.3,109.4,False,117.22,-6.777,113.18,0.3283,0.11999,40.39,30.345
4cad88,SAS864,,,1781596821,59.581287,17.209341,1349.5,108.9,False,117.17,-6.774,113.18,0.3281,0.12005,40.51,30.409
4cad88,SAS864,,,1781596822,59.580936,17.211303,1342.8,109.5,False,117.12,-6.77,113.18,0.328,0.1201,40.63,30.472
4cad88,SAS864,,,1781596823,59.580584,17.213262,1336.0,109.5,False,117.07,-6.767,113.18,0.3279,0.12016,40.75,30.535
4cad88,SAS864,,,1781596824,59.580235,17.215223,1329.2,109.4,False,117.02,-6.764,113.18,0.3277,0.12021,40.87,30.598
4cad88,SAS864,,,1781596825,59.579892,17.217188,1322.5,109.0,False,116.98,-6.761,113.18,0.3276,0.12027,40.991,30.662
4cad88,SAS864,,,1781596826,59.579554,17.219154,1315.7,108.8,False,116.93,-6.757,113.18,0.3275,0.12032,41.111,30.725
4cad88,SAS864,,,1781596827,59.579194,17.221105,1309.0,110.0,False,116.88,-6.754,113.18,0.3273,0.12038,41.231,30.788
4cad88,SAS864,,,1781596828,59.578817,17.223042,1302.2,111.0,False,116.83,-6.751,113.18,0.3272,0.12043,41.352,30.851
4cad88,SAS864,,,1781596829,59.57847,17.224999,1295.5,109.3,False,116.78,-6.748,113.18,0.3271,0.12049,41.472,30.914
4cad88,SAS864,,,1781596830,59.578117,17.226951,1288.7,109.6,False,116.74,-6.744,113.18,0.327,0.12054,41.593,30.977
4cad88,SAS864,,,1781596831,59.57777,17.228906,1282.0,109.4,False,116.69,-6.741,113.18,0.3268,0.1206,41.713,31.04
4cad88,SAS864,,,1781596832,59.577446,17.230876,1275.2,108.0,False,116.64,-6.738,113.18,0.3267,0.12065,41.834,31.103
4cad88,SAS864,,,1781596833,59.577087,17.232822,1268.5,110.0,False,116.59,-6.735,113.18,0.3266,0.12071,41.955,31.166
4cad88,SAS864,,,1781596834,59.576728,17.234767,1261.8,110.0,False,116.55,-6.732,113.18,0.3264,0.12076,42.075,31.229
4cad88,SAS864,,,1781596835,59.576366,17.236708,1255.0,110.2,False,116.5,-6.728,113.18,0.3263,0.12082,42.196,31.292
4cad88,SAS864,,,1781596836,59.576022,17.238661,1248.3,109.2,False,116.45,-6.725,113.18,0.3262,0.12087,42.317,31.355
4cad88,SAS864,,,1781596837,59.575682,17.240616,1241.6,109.0,False,116.4,-6.722,113.18,0.326,0.12093,42.438,31.417
4cad88,SAS864,,,1781596838,59.575332,17.242564,1234.9,109.5,False,116.36,-6.719,113.18,0.3259,0.12099,42.559,31.48
4cad88,SAS864,,,1781596839,59.574974,17.244504,1228.2,110.0,False,116.31,-6.715,113.18,0.3258,0.12104,42.68,31.543
4cad88,SAS864,,,1781596840,59.574614,17.246442,1221.4,110.1,False,116.26,-6.712,113.18,0.3257,0.1211,42.801,31.606
4cad88,SAS864,,,1781596841,59.574254,17.248383,1214.7,110.1,False,116.37,-6.742,113.18,0.3262,0.12054,42.922,31.669
4cad88,SAS864,,,1781596842,59.573896,17.250324,1208.0,110.0,False,116.32,-6.739,113.18,0.3261,0.1206,43.042,31.731
4cad88,SAS864,,,1781596843,59.573552,17.252274,1201.2,109.2,False,116.28,-6.736,113.18,0.326,0.12065,43.163,31.794
4cad88,SAS864,,,1781596844,59.573214,17.254227,1194.5,108.9,False,116.23,-6.733,113.18,0.3259,0.12071,43.284,31.857
4cad88,SAS864,,,1781596845,59.57286,17.256168,1187.8,109.8,False,116.18,-6.729,113.18,0.3257,0.12077,43.404,31.92
4cad88,SAS864,,,1781596846,59.572506,17.258108,1181.0,109.8,False,116.13,-6.726,113.18,0.3256,0.12082,43.525,31.982
4cad88,SAS864,,,1781596847,59.572167,17.260057,1174.3,109.0,False,116.09,-6.723,113.18,0.3255,0.12088,43.646,32.045
4cad88,SAS864,,,1781596848,59.571809,17.261993,1167.6,110.0,False,116.04,-6.72,113.18,0.3253,0.12093,43.767,32.108
4cad88,SAS864,,,1781596849,59.571459,17.263933,1160.9,109.6,False,115.99,-6.717,113.18,0.3252,0.12099,43.888,32.17
4cad88,SAS864,,,1781596850,59.571092,17.265861,1154.2,110.6,False,115.94,-6.713,113.18,0.3251,0.12105,44.009,32.233
4cad88,SAS864,,,1781596851,59.570742,17.267799,1147.5,109.7,False,115.9,-6.71,113.18,0.3249,0.1211,44.13,32.296
4cad88,SAS864,,,1781596852,59.570394,17.269737,1140.7,109.5,False,115.85,-6.707,113.18,0.3248,0.12116,44.251,32.358
4cad88,SAS864,,,1781596853,59.570039,17.271671,1134.0,109.9,False,115.8,-6.704,113.18,0.3247,0.12122,44.373,32.421
4cad88,SAS864,,,1781596854,59.569682,17.273601,1127.3,110.1,False,115.76,-6.7,113.18,0.3246,0.12127,44.494,32.483
4cad88,SAS864,,,1781596855,59.569329,17.275534,1120.6,109.8,False,115.71,-6.697,113.18,0.3244,0.12133,44.615,32.546
4cad88,SAS864,,,1781596856,59.56897,17.277462,1114.0,110.2,False,115.66,-6.694,113.18,0.3243,0.12139,44.737,32.608
4cad88,SAS864,,,1781596857,59.56861,17.279387,1107.3,110.3,False,115.61,-6.691,113.18,0.3242,0.12144,44.858,32.671
4cad88,SAS864,,,1781596858,59.568274,17.281329,1100.6,108.9,False,115.57,-6.688,113.18,0.3241,0.1215,44.98,32.733
4cad88,SAS864,,,1781596859,59.567918,17.283255,1093.9,110.0,False,115.52,-6.684,113.18,0.3239,0.12156,45.101,32.795
4cad88,SAS864,,,1781596860,59.567558,17.285179,1087.2,110.2,False,115.47,-6.681,113.18,0.3238,0.12162,45.223,32.858
4cad88,SAS864,,,1781596861,59.567211,17.28711,1080.5,109.6,False,115.43,-6.678,113.18,0.3237,0.12167,45.344,32.92
4cad88,SAS864,,,1781596862,59.566879,17.289051,1073.9,108.6,False,115.38,-6.675,113.18,0.3235,0.12173,45.466,32.982
4cad88,SAS864,,,1781596863,59.566514,17.290967,1067.2,110.6,False,115.33,-6.671,113.18,0.3234,0.12179,45.588,33.045
4cad88,SAS864,,,1781596864,59.566166,17.292895,1060.5,109.6,False,115.29,-6.668,113.18,0.3233,0.12185,45.71,33.107
4cad88,SAS864,,,1781596865,59.565822,17.294826,1053.9,109.4,False,115.24,-6.665,113.18,0.3232,0.1219,45.832,33.169
4cad88,SAS864,,,1781596866,59.565455,17.296738,1047.2,110.7,False,115.19,-6.662,113.18,0.323,0.12196,45.954,33.231
4cad88,SAS864,,,1781596867,59.565102,17.298658,1040.5,110.0,False,115.15,-6.658,113.18,0.3229,0.12202,46.076,33.293
4cad88,SAS864,,,1781596868,59.56477,17.300594,1033.9,108.7,False,115.1,-6.655,113.18,0.3228,0.12208,46.198,33.356
4cad88,SAS864,,,1781596869,59.564421,17.302517,1027.2,109.7,False,115.05,-6.652,113.18,0.3227,0.12214,46.32,33.418
4cad88,SAS864,,,1781596870,59.564062,17.304432,1020.6,110.3,False,115.01,-6.649,113.18,0.3225,0.1222,46.442,33.48
4cad88,SAS864,,,1781596871,59.563704,17.306346,1013.9,110.3,False,114.96,-6.646,113.18,0.3224,0.12226,46.564,33.542
4cad88,SAS864,,,1781596872,59.563336,17.308252,1007.3,110.8,False,114.92,-6.642,113.18,0.3223,0.12231,46.687,33.604
4cad88,SAS864,,,1781596873,59.563012,17.310189,1000.6,108.3,False,114.87,-6.639,113.18,0.3222,0.12237,46.809,33.666
4cad88,SAS864,,,1781596874,59.562654,17.3121,994.0,110.3,False,114.82,-6.636,113.18,0.322,0.12243,46.931,33.728
4cad88,SAS864,,,1781596875,59.562307,17.314019,987.4,109.7,False,114.78,-6.633,113.18,0.3219,0.12249,47.054,33.79
4cad88,SAS864,,,1781596876,59.561957,17.315935,980.8,109.8,False,114.73,-6.629,113.18,0.3218,0.12255,47.176,33.852
4cad88,SAS864,,,1781596877,59.561613,17.317854,974.1,109.5,False,114.69,-6.626,113.18,0.3216,0.12261,47.299,33.914
4cad88,SAS864,,,1781596878,59.561281,17.31978,967.5,108.8,False,114.64,-6.623,113.18,0.3215,0.12267,47.422,33.976
4cad88,SAS864,,,1781596879,59.560922,17.321687,960.9,110.3,False,114.59,-6.62,113.18,0.3214,0.12273,47.544,34.038
4cad88,SAS864,,,1781596880,59.560578,17.323603,954.3,109.5,False,114.55,-6.616,113.18,0.3213,0.12279,47.667,34.099
4cad88,SAS864,,,1781596881,59.560239,17.325522,947.7,109.2,False,114.5,-6.613,113.18,0.3211,0.12285,47.79,34.161
4cad88,SAS864,,,1781596882,59.559879,17.327426,941.0,110.5,False,114.46,-6.61,113.18,0.321,0.12291,47.913,34.223
4cad88,SAS864,,,1781596883,59.559525,17.329333,934.4,110.1,False,114.41,-6.607,113.18,0.3209,0.12297,48.036,34.285
4cad88,SAS864,,,1781596884,59.559178,17.331243,927.8,109.7,False,114.36,-6.603,113.18,0.3208,0.12303,48.159,34.347
4cad88,SAS864,,,1781596885,59.558834,17.333156,921.2,109.5,False,114.32,-6.6,113.18,0.3206,0.12309,48.282,34.408
4cad88,SAS864,,,1781596886,59.558494,17.33507,914.6,109.3,False,114.27,-6.597,113.18,0.3205,0.12315,48.405,34.47
4cad88,SAS864,,,1781596887,59.558201,17.336711,908.9,109.4,False,98.03,-5.692,97.55,0.3,0.12293,48.528,34.523
4cad88,SAS864,,,1781596888,59.557902,17.33835,903.3,109.8,False,98.17,-5.688,97.55,0.3,0.12301,48.651,34.576
4cad88,SAS864,,,1781596889,59.557596,17.339985,897.6,110.2,False,98.14,-5.685,97.55,0.3,0.12307,48.774,34.629
4cad88,SAS864,,,1781596890,59.55729,17.341618,891.9,110.3,False,98.1,-5.682,97.55,0.3,0.12312,48.897,34.682
4cad88,SAS864,,,1781596891,59.556974,17.343243,886.2,111.0,False,98.07,-5.679,97.55,0.3,0.12318,49.021,34.735
4cad88,SAS864,,,1781596892,59.556663,17.344871,880.5,110.6,False,98.04,-5.676,97.55,0.3,0.12324,49.144,34.788
4cad88,SAS864,,,1781596893,59.556364,17.346507,874.9,109.8,False,98.0,-5.673,97.55,0.3,0.12329,49.267,34.841
4cad88,SAS864,,,1781596894,59.556076,17.348149,869.2,109.1,False,97.9,-5.684,97.55,0.3,0.12309,49.39,34.894
4cad88,SAS864,,,1781596895,59.555768,17.349776,863.5,110.5,False,97.86,-5.681,97.55,0.3,0.12315,49.513,34.946
4cad88,SAS864,,,1781596896,59.555454,17.351397,857.8,111.0,False,97.83,-5.678,97.55,0.3,0.1232,49.637,34.999
4cad88,SAS864,,,1781596897,59.555164,17.353036,852.1,109.2,False,97.79,-5.675,97.55,0.3,0.12326,49.76,35.052
4cad88,SAS864,,,1781596898,59.554873,17.354673,846.5,109.3,False,97.76,-5.672,97.55,0.3,0.12332,49.883,35.105
4cad88,SAS864,,,1781596899,59.554561,17.356294,840.8,110.8,False,97.73,-5.669,97.55,0.3,0.12337,50.006,35.158
4cad88,SAS864,,,1781596900,59.554256,17.35792,835.1,110.3,False,97.69,-5.666,97.55,0.3,0.12343,50.13,35.21
4cad88,SAS864,,,1781596901,59.553961,17.359553,829.5,109.6,False,97.66,-5.663,97.55,0.3,0.12349,50.253,35.263
4cad88,SAS864,,,1781596902,59.553687,17.361198,823.8,108.2,False,97.62,-5.661,97.55,0.3,0.12355,50.377,35.316
4cad88,SAS864,,,1781596903,59.553395,17.362832,818.2,109.4,False,97.59,-5.658,97.55,0.3,0.1236,50.501,35.369
4cad88,SAS864,,,1781596904,59.55309,17.364455,812.5,110.3,False,97.56,-5.655,97.55,0.3,0.12366,50.624,35.421
4cad88,SAS864,,,1781596905,59.552779,17.366074,806.8,110.8,False,97.52,-5.652,97.55,0.3,0.12372,50.748,35.474
4cad88,SAS864,,,1781596906,59.552475,17.367696,801.2,110.3,False,97.49,-5.649,97.55,0.3,0.12378,50.872,35.526
4cad88,SAS864,,,1781596907,59.552185,17.369328,795.5,109.3,False,97.46,-5.646,97.55,0.3,0.12383,50.996,35.579
4cad88,SAS864,,,1781596908,59.551895,17.370969,789.9,109.2,False,97.95,-5.673,98.07,0.3,0.12389,51.119,35.632
4cad88,SAS864,,,1781596909,59.551602,17.372598,784.2,109.6,False,97.39,-5.64,97.55,0.3,0.12395,51.243,35.685
4cad88,SAS864,,,1781596910,59.551299,17.37421,778.6,110.3,False,96.82,-5.608,97.04,0.3,0.12401,51.367,35.737
4cad88,SAS864,,,1781596911,59.551006,17.375816,773.1,109.8,False,96.26,-5.575,96.52,0.3,0.12406,51.491,35.789
4cad88,SAS864,,,1781596912,59.550703,17.377406,767.5,110.6,False,95.7,-5.543,96.01,0.3,0.12412,51.616,35.841
4cad88,SAS864,,,1781596913,59.550402,17.378986,762.0,110.6,False,95.13,-5.51,95.5,0.3,0.12418,51.74,35.892
